Netlist
  DEV  N1  N2  VAL
0  V1   1   0   40
1  R1   1   2    2
2  R2   2   3    9
3  R3   3   4    8
4  R4   2   0   10
5  R5   3   0    4
6  I1   0   4    1

Matrix A
Matrix([
[ 1/R1,              -1/R1,                  0,     0, 1],
[-1/R1, 1/R4 + 1/R2 + 1/R1,              -1/R2,     0, 0],
[    0,              -1/R2, 1/R5 + 1/R3 + 1/R2, -1/R3, 0],
[    0,                  0,              -1/R3,  1/R3, 0],
[    1,                  0,                  0,     0, 0]])

Vector X
Matrix([[V1, V2, V3, V4, IV1]])

Vector Z
Matrix([[0, 0, 0, I1, V1]])

Matrix A
     0         1         2      3    4
0  0.5 -0.500000  0.000000  0.000  1.0
1 -0.5  0.711111 -0.111111  0.000  0.0
2  0.0 -0.111111  0.486111 -0.125  0.0
3  0.0  0.000000 -0.125000  0.125  0.0
4  1.0  0.000000  0.000000  0.000  0.0

Vector Z
      0
0   0.0
1   0.0
2   0.0
3   1.0
4  40.0

Vector X
           0
0  40.000000
1  29.999999
2  12.000000
3  20.000000
4  -5.000000

Matrix A
     0         1         2      3    4
0  0.5 -0.500000  0.000000  0.000  1.0
1 -0.5  0.711111 -0.111111  0.000  0.0
2  0.0 -0.111111  0.486111 -0.125  0.0
3  0.0  0.000000 -0.125000  0.125  0.0
4  1.0  0.000000  0.000000  0.000  0.0

Vector Z
              0
0  0.000000e+00
1  0.000000e+00
2  0.000000e+00
3  1.000000e+00
4  6.993822e-07